#  We generate this potential and its derivative table using a MATLAB script for LAMMPS.
# i r_{anchor}  U(r_{anchor})  -dU/dr|r_{anchor}
#   where U(r) = step(r_{anchor}-3) * abs(r_{anchor}-3) * 10

STAGE2
N 2545  FP 0 0  EQ 0

1  0 0 0
2  .05 0 0
3  .10 0 0
4  .15 0 0
5  .20 0 0
6  .25 0 0
7  .30 0 0
8  .35 0 0
9  .40 0 0
10  .45 0 0
11  .50 0 0
12  .55 0 0
13  .60 0 0
14  .65 0 0
15  .70 0 0
16  .75 0 0
17  .80 0 0
18  .85 0 0
19  .90 0 0
20  .95 0 0
21  1.00 0 0
22  1.05 0 0
23  1.10 0 0
24  1.15 0 0
25  1.20 0 0
26  1.25 0 0
27  1.30 0 0
28  1.35 0 0
29  1.40 0 0
30  1.45 0 0
31  1.50 0 0
32  1.55 0 0
33  1.60 0 0
34  1.65 0 0
35  1.70 0 0
36  1.75 0 0
37  1.80 0 0
38  1.85 0 0
39  1.90 0 0
40  1.95 0 0
41  2.00 0 0
42  2.05 0 0
43  2.10 0 0
44  2.15 0 0
45  2.20 0 0
46  2.25 0 0
47  2.30 0 0
48  2.35 0 0
49  2.40 0 0
50  2.45 0 0
51  2.50 0 0
52  2.55 0 0
53  2.60 0 0
54  2.65 0 0
55  2.70 0 0
56  2.75 0 0
57  2.80 0 0
58  2.85 0 0
59  2.90 0 0
60  2.95 0 0
61 3.0 0 -5
62  3.05 .5 -10
63  3.10 1.0 -10
64  3.15 1.5 -10
65  3.20 2.0 -10
66  3.25 2.5 -10
67  3.30 3.0 -10
68  3.35 3.5 -10
69  3.40 4.0 -10
70  3.45 4.5 -10
71  3.50 5.0 -10
72  3.55 5.5 -10
73  3.60 6.0 -10
74  3.65 6.5 -10
75  3.70 7.0 -10
76  3.75 7.5 -10
77  3.80 8.0 -10
78  3.85 8.5 -10
79  3.90 9.0 -10
80  3.95 9.5 -10
81  4.00 10.0 -10
82  4.05 10.5 -10
83  4.10 11.0 -10
84  4.15 11.5 -10
85  4.20 12.0 -10
86  4.25 12.5 -10
87  4.30 13.0 -10
88  4.35 13.5 -10
89  4.40 14.0 -10
90  4.45 14.5 -10
91  4.50 15.0 -10
92  4.55 15.5 -10
93  4.60 16.0 -10
94  4.65 16.5 -10
95  4.70 17.0 -10
96  4.75 17.5 -10
97  4.80 18.0 -10
98  4.85 18.5 -10
99  4.90 19.0 -10
100  4.95 19.5 -10
101  5.00 20.0 -10
102  5.05 20.5 -10
103  5.10 21.0 -10
104  5.15 21.5 -10
105  5.20 22.0 -10
106  5.25 22.5 -10
107  5.30 23.0 -10
108  5.35 23.5 -10
109  5.40 24.0 -10
110  5.45 24.5 -10
111  5.50 25.0 -10
112  5.55 25.5 -10
113  5.60 26.0 -10
114  5.65 26.5 -10
115  5.70 27.0 -10
116  5.75 27.5 -10
117  5.80 28.0 -10
118  5.85 28.5 -10
119  5.90 29.0 -10
120  5.95 29.5 -10
121  6.00 30.0 -10
122  6.05 30.5 -10
123  6.10 31.0 -10
124  6.15 31.5 -10
125  6.20 32.0 -10
126  6.25 32.5 -10
127  6.30 33.0 -10
128  6.35 33.5 -10
129  6.40 34.0 -10
130  6.45 34.5 -10
131  6.50 35.0 -10
132  6.55 35.5 -10
133  6.60 36.0 -10
134  6.65 36.5 -10
135  6.70 37.0 -10
136  6.75 37.5 -10
137  6.80 38.0 -10
138  6.85 38.5 -10
139  6.90 39.0 -10
140  6.95 39.5 -10
141  7.00 40.0 -10
142  7.05 40.5 -10
143  7.10 41.0 -10
144  7.15 41.5 -10
145  7.20 42.0 -10
146  7.25 42.5 -10
147  7.30 43.0 -10
148  7.35 43.5 -10
149  7.40 44.0 -10
150  7.45 44.5 -10
151  7.50 45.0 -10
152  7.55 45.5 -10
153  7.60 46.0 -10
154  7.65 46.5 -10
155  7.70 47.0 -10
156  7.75 47.5 -10
157  7.80 48.0 -10
158  7.85 48.5 -10
159  7.90 49.0 -10
160  7.95 49.5 -10
161  8.00 50.0 -10
162  8.05 50.5 -10
163  8.10 51.0 -10
164  8.15 51.5 -10
165  8.20 52.0 -10
166  8.25 52.5 -10
167  8.30 53.0 -10
168  8.35 53.5 -10
169  8.40 54.0 -10
170  8.45 54.5 -10
171  8.50 55.0 -10
172  8.55 55.5 -10
173  8.60 56.0 -10
174  8.65 56.5 -10
175  8.70 57.0 -10
176  8.75 57.5 -10
177  8.80 58.0 -10
178  8.85 58.5 -10
179  8.90 59.0 -10
180  8.95 59.5 -10
181  9.00 60.0 -10
182  9.05 60.5 -10
183  9.10 61.0 -10
184  9.15 61.5 -10
185  9.20 62.0 -10
186  9.25 62.5 -10
187  9.30 63.0 -10
188  9.35 63.5 -10
189  9.40 64.0 -10
190  9.45 64.5 -10
191  9.50 65.0 -10
192  9.55 65.5 -10
193  9.60 66.0 -10
194  9.65 66.5 -10
195  9.70 67.0 -10
196  9.75 67.5 -10
197  9.80 68.0 -10
198  9.85 68.5 -10
199  9.90 69.0 -10
200  9.95 69.5 -10
201  10.00 70.0 -10
202  10.05 70.5 -10
203  10.10 71.0 -10
204  10.15 71.5 -10
205  10.20 72.0 -10
206  10.25 72.5 -10
207  10.30 73.0 -10
208  10.35 73.5 -10
209  10.40 74.0 -10
210  10.45 74.5 -10
211  10.50 75.0 -10
212  10.55 75.5 -10
213  10.60 76.0 -10
214  10.65 76.5 -10
215  10.70 77.0 -10
216  10.75 77.5 -10
217  10.80 78.0 -10
218  10.85 78.5 -10
219  10.90 79.0 -10
220  10.95 79.5 -10
221  11.00 80.0 -10
222  11.05 80.5 -10
223  11.10 81.0 -10
224  11.15 81.5 -10
225  11.20 82.0 -10
226  11.25 82.5 -10
227  11.30 83.0 -10
228  11.35 83.5 -10
229  11.40 84.0 -10
230  11.45 84.5 -10
231  11.50 85.0 -10
232  11.55 85.5 -10
233  11.60 86.0 -10
234  11.65 86.5 -10
235  11.70 87.0 -10
236  11.75 87.5 -10
237  11.80 88.0 -10
238  11.85 88.5 -10
239  11.90 89.0 -10
240  11.95 89.5 -10
241  12.00 90.0 -10
242  12.05 90.5 -10
243  12.10 91.0 -10
244  12.15 91.5 -10
245  12.20 92.0 -10
246  12.25 92.5 -10
247  12.30 93.0 -10
248  12.35 93.5 -10
249  12.40 94.0 -10
250  12.45 94.5 -10
251  12.50 95.0 -10
252  12.55 95.5 -10
253  12.60 96.0 -10
254  12.65 96.5 -10
255  12.70 97.0 -10
256  12.75 97.5 -10
257  12.80 98.0 -10
258  12.85 98.5 -10
259  12.90 99.0 -10
260  12.95 99.5 -10
261  13.00 100.0 -10
262  13.05 100.5 -10
263  13.10 101.0 -10
264  13.15 101.5 -10
265  13.20 102.0 -10
266  13.25 102.5 -10
267  13.30 103.0 -10
268  13.35 103.5 -10
269  13.40 104.0 -10
270  13.45 104.5 -10
271  13.50 105.0 -10
272  13.55 105.5 -10
273  13.60 106.0 -10
274  13.65 106.5 -10
275  13.70 107.0 -10
276  13.75 107.5 -10
277  13.80 108.0 -10
278  13.85 108.5 -10
279  13.90 109.0 -10
280  13.95 109.5 -10
281  14.00 110.0 -10
282  14.05 110.5 -10
283  14.10 111.0 -10
284  14.15 111.5 -10
285  14.20 112.0 -10
286  14.25 112.5 -10
287  14.30 113.0 -10
288  14.35 113.5 -10
289  14.40 114.0 -10
290  14.45 114.5 -10
291  14.50 115.0 -10
292  14.55 115.5 -10
293  14.60 116.0 -10
294  14.65 116.5 -10
295  14.70 117.0 -10
296  14.75 117.5 -10
297  14.80 118.0 -10
298  14.85 118.5 -10
299  14.90 119.0 -10
300  14.95 119.5 -10
301  15.00 120.0 -10
302  15.05 120.5 -10
303  15.10 121.0 -10
304  15.15 121.5 -10
305  15.20 122.0 -10
306  15.25 122.5 -10
307  15.30 123.0 -10
308  15.35 123.5 -10
309  15.40 124.0 -10
310  15.45 124.5 -10
311  15.50 125.0 -10
312  15.55 125.5 -10
313  15.60 126.0 -10
314  15.65 126.5 -10
315  15.70 127.0 -10
316  15.75 127.5 -10
317  15.80 128.0 -10
318  15.85 128.5 -10
319  15.90 129.0 -10
320  15.95 129.5 -10
321  16.00 130.0 -10
322  16.05 130.5 -10
323  16.10 131.0 -10
324  16.15 131.5 -10
325  16.20 132.0 -10
326  16.25 132.5 -10
327  16.30 133.0 -10
328  16.35 133.5 -10
329  16.40 134.0 -10
330  16.45 134.5 -10
331  16.50 135.0 -10
332  16.55 135.5 -10
333  16.60 136.0 -10
334  16.65 136.5 -10
335  16.70 137.0 -10
336  16.75 137.5 -10
337  16.80 138.0 -10
338  16.85 138.5 -10
339  16.90 139.0 -10
340  16.95 139.5 -10
341  17.00 140.0 -10
342  17.05 140.5 -10
343  17.10 141.0 -10
344  17.15 141.5 -10
345  17.20 142.0 -10
346  17.25 142.5 -10
347  17.30 143.0 -10
348  17.35 143.5 -10
349  17.40 144.0 -10
350  17.45 144.5 -10
351  17.50 145.0 -10
352  17.55 145.5 -10
353  17.60 146.0 -10
354  17.65 146.5 -10
355  17.70 147.0 -10
356  17.75 147.5 -10
357  17.80 148.0 -10
358  17.85 148.5 -10
359  17.90 149.0 -10
360  17.95 149.5 -10
361  18.00 150.0 -10
362  18.05 150.5 -10
363  18.10 151.0 -10
364  18.15 151.5 -10
365  18.20 152.0 -10
366  18.25 152.5 -10
367  18.30 153.0 -10
368  18.35 153.5 -10
369  18.40 154.0 -10
370  18.45 154.5 -10
371  18.50 155.0 -10
372  18.55 155.5 -10
373  18.60 156.0 -10
374  18.65 156.5 -10
375  18.70 157.0 -10
376  18.75 157.5 -10
377  18.80 158.0 -10
378  18.85 158.5 -10
379  18.90 159.0 -10
380  18.95 159.5 -10
381  19.00 160.0 -10
382  19.05 160.5 -10
383  19.10 161.0 -10
384  19.15 161.5 -10
385  19.20 162.0 -10
386  19.25 162.5 -10
387  19.30 163.0 -10
388  19.35 163.5 -10
389  19.40 164.0 -10
390  19.45 164.5 -10
391  19.50 165.0 -10
392  19.55 165.5 -10
393  19.60 166.0 -10
394  19.65 166.5 -10
395  19.70 167.0 -10
396  19.75 167.5 -10
397  19.80 168.0 -10
398  19.85 168.5 -10
399  19.90 169.0 -10
400  19.95 169.5 -10
401  20.00 170.0 -10
402  20.05 170.5 -10
403  20.10 171.0 -10
404  20.15 171.5 -10
405  20.20 172.0 -10
406  20.25 172.5 -10
407  20.30 173.0 -10
408  20.35 173.5 -10
409  20.40 174.0 -10
410  20.45 174.5 -10
411  20.50 175.0 -10
412  20.55 175.5 -10
413  20.60 176.0 -10
414  20.65 176.5 -10
415  20.70 177.0 -10
416  20.75 177.5 -10
417  20.80 178.0 -10
418  20.85 178.5 -10
419  20.90 179.0 -10
420  20.95 179.5 -10
421  21.00 180.0 -10
422  21.05 180.5 -10
423  21.10 181.0 -10
424  21.15 181.5 -10
425  21.20 182.0 -10
426  21.25 182.5 -10
427  21.30 183.0 -10
428  21.35 183.5 -10
429  21.40 184.0 -10
430  21.45 184.5 -10
431  21.50 185.0 -10
432  21.55 185.5 -10
433  21.60 186.0 -10
434  21.65 186.5 -10
435  21.70 187.0 -10
436  21.75 187.5 -10
437  21.80 188.0 -10
438  21.85 188.5 -10
439  21.90 189.0 -10
440  21.95 189.5 -10
441  22.00 190.0 -10
442  22.05 190.5 -10
443  22.10 191.0 -10
444  22.15 191.5 -10
445  22.20 192.0 -10
446  22.25 192.5 -10
447  22.30 193.0 -10
448  22.35 193.5 -10
449  22.40 194.0 -10
450  22.45 194.5 -10
451  22.50 195.0 -10
452  22.55 195.5 -10
453  22.60 196.0 -10
454  22.65 196.5 -10
455  22.70 197.0 -10
456  22.75 197.5 -10
457  22.80 198.0 -10
458  22.85 198.5 -10
459  22.90 199.0 -10
460  22.95 199.5 -10
461  23.00 200.0 -10
462  23.05 200.5 -10
463  23.10 201.0 -10
464  23.15 201.5 -10
465  23.20 202.0 -10
466  23.25 202.5 -10
467  23.30 203.0 -10
468  23.35 203.5 -10
469  23.40 204.0 -10
470  23.45 204.5 -10
471  23.50 205.0 -10
472  23.55 205.5 -10
473  23.60 206.0 -10
474  23.65 206.5 -10
475  23.70 207.0 -10
476  23.75 207.5 -10
477  23.80 208.0 -10
478  23.85 208.5 -10
479  23.90 209.0 -10
480  23.95 209.5 -10
481  24.00 210.0 -10
482  24.05 210.5 -10
483  24.10 211.0 -10
484  24.15 211.5 -10
485  24.20 212.0 -10
486  24.25 212.5 -10
487  24.30 213.0 -10
488  24.35 213.5 -10
489  24.40 214.0 -10
490  24.45 214.5 -10
491  24.50 215.0 -10
492  24.55 215.5 -10
493  24.60 216.0 -10
494  24.65 216.5 -10
495  24.70 217.0 -10
496  24.75 217.5 -10
497  24.80 218.0 -10
498  24.85 218.5 -10
499  24.90 219.0 -10
500  24.95 219.5 -10
501  25.00 220.0 -10
502  25.05 220.5 -10
503  25.10 221.0 -10
504  25.15 221.5 -10
505  25.20 222.0 -10
506  25.25 222.5 -10
507  25.30 223.0 -10
508  25.35 223.5 -10
509  25.40 224.0 -10
510  25.45 224.5 -10
511  25.50 225.0 -10
512  25.55 225.5 -10
513  25.60 226.0 -10
514  25.65 226.5 -10
515  25.70 227.0 -10
516  25.75 227.5 -10
517  25.80 228.0 -10
518  25.85 228.5 -10
519  25.90 229.0 -10
520  25.95 229.5 -10
521  26.00 230.0 -10
522  26.05 230.5 -10
523  26.10 231.0 -10
524  26.15 231.5 -10
525  26.20 232.0 -10
526  26.25 232.5 -10
527  26.30 233.0 -10
528  26.35 233.5 -10
529  26.40 234.0 -10
530  26.45 234.5 -10
531  26.50 235.0 -10
532  26.55 235.5 -10
533  26.60 236.0 -10
534  26.65 236.5 -10
535  26.70 237.0 -10
536  26.75 237.5 -10
537  26.80 238.0 -10
538  26.85 238.5 -10
539  26.90 239.0 -10
540  26.95 239.5 -10
541  27.00 240.0 -10
542  27.05 240.5 -10
543  27.10 241.0 -10
544  27.15 241.5 -10
545  27.20 242.0 -10
546  27.25 242.5 -10
547  27.30 243.0 -10
548  27.35 243.5 -10
549  27.40 244.0 -10
550  27.45 244.5 -10
551  27.50 245.0 -10
552  27.55 245.5 -10
553  27.60 246.0 -10
554  27.65 246.5 -10
555  27.70 247.0 -10
556  27.75 247.5 -10
557  27.80 248.0 -10
558  27.85 248.5 -10
559  27.90 249.0 -10
560  27.95 249.5 -10
561  28.00 250.0 -10
562  28.05 250.5 -10
563  28.10 251.0 -10
564  28.15 251.5 -10
565  28.20 252.0 -10
566  28.25 252.5 -10
567  28.30 253.0 -10
568  28.35 253.5 -10
569  28.40 254.0 -10
570  28.45 254.5 -10
571  28.50 255.0 -10
572  28.55 255.5 -10
573  28.60 256.0 -10
574  28.65 256.5 -10
575  28.70 257.0 -10
576  28.75 257.5 -10
577  28.80 258.0 -10
578  28.85 258.5 -10
579  28.90 259.0 -10
580  28.95 259.5 -10
581  29.00 260.0 -10
582  29.05 260.5 -10
583  29.10 261.0 -10
584  29.15 261.5 -10
585  29.20 262.0 -10
586  29.25 262.5 -10
587  29.30 263.0 -10
588  29.35 263.5 -10
589  29.40 264.0 -10
590  29.45 264.5 -10
591  29.50 265.0 -10
592  29.55 265.5 -10
593  29.60 266.0 -10
594  29.65 266.5 -10
595  29.70 267.0 -10
596  29.75 267.5 -10
597  29.80 268.0 -10
598  29.85 268.5 -10
599  29.90 269.0 -10
600  29.95 269.5 -10
601  30.00 270.0 -10
602  30.05 270.5 -10
603  30.10 271.0 -10
604  30.15 271.5 -10
605  30.20 272.0 -10
606  30.25 272.5 -10
607  30.30 273.0 -10
608  30.35 273.5 -10
609  30.40 274.0 -10
610  30.45 274.5 -10
611  30.50 275.0 -10
612  30.55 275.5 -10
613  30.60 276.0 -10
614  30.65 276.5 -10
615  30.70 277.0 -10
616  30.75 277.5 -10
617  30.80 278.0 -10
618  30.85 278.5 -10
619  30.90 279.0 -10
620  30.95 279.5 -10
621  31.00 280.0 -10
622  31.05 280.5 -10
623  31.10 281.0 -10
624  31.15 281.5 -10
625  31.20 282.0 -10
626  31.25 282.5 -10
627  31.30 283.0 -10
628  31.35 283.5 -10
629  31.40 284.0 -10
630  31.45 284.5 -10
631  31.50 285.0 -10
632  31.55 285.5 -10
633  31.60 286.0 -10
634  31.65 286.5 -10
635  31.70 287.0 -10
636  31.75 287.5 -10
637  31.80 288.0 -10
638  31.85 288.5 -10
639  31.90 289.0 -10
640  31.95 289.5 -10
641  32.00 290.0 -10
642  32.05 290.5 -10
643  32.10 291.0 -10
644  32.15 291.5 -10
645  32.20 292.0 -10
646  32.25 292.5 -10
647  32.30 293.0 -10
648  32.35 293.5 -10
649  32.40 294.0 -10
650  32.45 294.5 -10
651  32.50 295.0 -10
652  32.55 295.5 -10
653  32.60 296.0 -10
654  32.65 296.5 -10
655  32.70 297.0 -10
656  32.75 297.5 -10
657  32.80 298.0 -10
658  32.85 298.5 -10
659  32.90 299.0 -10
660  32.95 299.5 -10
661  33.00 300.0 -10
662  33.05 300.5 -10
663  33.10 301.0 -10
664  33.15 301.5 -10
665  33.20 302.0 -10
666  33.25 302.5 -10
667  33.30 303.0 -10
668  33.35 303.5 -10
669  33.40 304.0 -10
670  33.45 304.5 -10
671  33.50 305.0 -10
672  33.55 305.5 -10
673  33.60 306.0 -10
674  33.65 306.5 -10
675  33.70 307.0 -10
676  33.75 307.5 -10
677  33.80 308.0 -10
678  33.85 308.5 -10
679  33.90 309.0 -10
680  33.95 309.5 -10
681  34.00 310.0 -10
682  34.05 310.5 -10
683  34.10 311.0 -10
684  34.15 311.5 -10
685  34.20 312.0 -10
686  34.25 312.5 -10
687  34.30 313.0 -10
688  34.35 313.5 -10
689  34.40 314.0 -10
690  34.45 314.5 -10
691  34.50 315.0 -10
692  34.55 315.5 -10
693  34.60 316.0 -10
694  34.65 316.5 -10
695  34.70 317.0 -10
696  34.75 317.5 -10
697  34.80 318.0 -10
698  34.85 318.5 -10
699  34.90 319.0 -10
700  34.95 319.5 -10
701  35.00 320.0 -10
702  35.05 320.5 -10
703  35.10 321.0 -10
704  35.15 321.5 -10
705  35.20 322.0 -10
706  35.25 322.5 -10
707  35.30 323.0 -10
708  35.35 323.5 -10
709  35.40 324.0 -10
710  35.45 324.5 -10
711  35.50 325.0 -10
712  35.55 325.5 -10
713  35.60 326.0 -10
714  35.65 326.5 -10
715  35.70 327.0 -10
716  35.75 327.5 -10
717  35.80 328.0 -10
718  35.85 328.5 -10
719  35.90 329.0 -10
720  35.95 329.5 -10
721  36.00 330.0 -10
722  36.05 330.5 -10
723  36.10 331.0 -10
724  36.15 331.5 -10
725  36.20 332.0 -10
726  36.25 332.5 -10
727  36.30 333.0 -10
728  36.35 333.5 -10
729  36.40 334.0 -10
730  36.45 334.5 -10
731  36.50 335.0 -10
732  36.55 335.5 -10
733  36.60 336.0 -10
734  36.65 336.5 -10
735  36.70 337.0 -10
736  36.75 337.5 -10
737  36.80 338.0 -10
738  36.85 338.5 -10
739  36.90 339.0 -10
740  36.95 339.5 -10
741  37.00 340.0 -10
742  37.05 340.5 -10
743  37.10 341.0 -10
744  37.15 341.5 -10
745  37.20 342.0 -10
746  37.25 342.5 -10
747  37.30 343.0 -10
748  37.35 343.5 -10
749  37.40 344.0 -10
750  37.45 344.5 -10
751  37.50 345.0 -10
752  37.55 345.5 -10
753  37.60 346.0 -10
754  37.65 346.5 -10
755  37.70 347.0 -10
756  37.75 347.5 -10
757  37.80 348.0 -10
758  37.85 348.5 -10
759  37.90 349.0 -10
760  37.95 349.5 -10
761  38.00 350.0 -10
762  38.05 350.5 -10
763  38.10 351.0 -10
764  38.15 351.5 -10
765  38.20 352.0 -10
766  38.25 352.5 -10
767  38.30 353.0 -10
768  38.35 353.5 -10
769  38.40 354.0 -10
770  38.45 354.5 -10
771  38.50 355.0 -10
772  38.55 355.5 -10
773  38.60 356.0 -10
774  38.65 356.5 -10
775  38.70 357.0 -10
776  38.75 357.5 -10
777  38.80 358.0 -10
778  38.85 358.5 -10
779  38.90 359.0 -10
780  38.95 359.5 -10
781  39.00 360.0 -10
782  39.05 360.5 -10
783  39.10 361.0 -10
784  39.15 361.5 -10
785  39.20 362.0 -10
786  39.25 362.5 -10
787  39.30 363.0 -10
788  39.35 363.5 -10
789  39.40 364.0 -10
790  39.45 364.5 -10
791  39.50 365.0 -10
792  39.55 365.5 -10
793  39.60 366.0 -10
794  39.65 366.5 -10
795  39.70 367.0 -10
796  39.75 367.5 -10
797  39.80 368.0 -10
798  39.85 368.5 -10
799  39.90 369.0 -10
800  39.95 369.5 -10
801  40.00 370.0 -10
802  40.05 370.5 -10
803  40.10 371.0 -10
804  40.15 371.5 -10
805  40.20 372.0 -10
806  40.25 372.5 -10
807  40.30 373.0 -10
808  40.35 373.5 -10
809  40.40 374.0 -10
810  40.45 374.5 -10
811  40.50 375.0 -10
812  40.55 375.5 -10
813  40.60 376.0 -10
814  40.65 376.5 -10
815  40.70 377.0 -10
816  40.75 377.5 -10
817  40.80 378.0 -10
818  40.85 378.5 -10
819  40.90 379.0 -10
820  40.95 379.5 -10
821  41.00 380.0 -10
822  41.05 380.5 -10
823  41.10 381.0 -10
824  41.15 381.5 -10
825  41.20 382.0 -10
826  41.25 382.5 -10
827  41.30 383.0 -10
828  41.35 383.5 -10
829  41.40 384.0 -10
830  41.45 384.5 -10
831  41.50 385.0 -10
832  41.55 385.5 -10
833  41.60 386.0 -10
834  41.65 386.5 -10
835  41.70 387.0 -10
836  41.75 387.5 -10
837  41.80 388.0 -10
838  41.85 388.5 -10
839  41.90 389.0 -10
840  41.95 389.5 -10
841  42.00 390.0 -10
842  42.05 390.5 -10
843  42.10 391.0 -10
844  42.15 391.5 -10
845  42.20 392.0 -10
846  42.25 392.5 -10
847  42.30 393.0 -10
848  42.35 393.5 -10
849  42.40 394.0 -10
850  42.45 394.5 -10
851  42.50 395.0 -10
852  42.55 395.5 -10
853  42.60 396.0 -10
854  42.65 396.5 -10
855  42.70 397.0 -10
856  42.75 397.5 -10
857  42.80 398.0 -10
858  42.85 398.5 -10
859  42.90 399.0 -10
860  42.95 399.5 -10
861  43.00 400.0 -10
862  43.05 400.5 -10
863  43.10 401.0 -10
864  43.15 401.5 -10
865  43.20 402.0 -10
866  43.25 402.5 -10
867  43.30 403.0 -10
868  43.35 403.5 -10
869  43.40 404.0 -10
870  43.45 404.5 -10
871  43.50 405.0 -10
872  43.55 405.5 -10
873  43.60 406.0 -10
874  43.65 406.5 -10
875  43.70 407.0 -10
876  43.75 407.5 -10
877  43.80 408.0 -10
878  43.85 408.5 -10
879  43.90 409.0 -10
880  43.95 409.5 -10
881  44.00 410.0 -10
882  44.05 410.5 -10
883  44.10 411.0 -10
884  44.15 411.5 -10
885  44.20 412.0 -10
886  44.25 412.5 -10
887  44.30 413.0 -10
888  44.35 413.5 -10
889  44.40 414.0 -10
890  44.45 414.5 -10
891  44.50 415.0 -10
892  44.55 415.5 -10
893  44.60 416.0 -10
894  44.65 416.5 -10
895  44.70 417.0 -10
896  44.75 417.5 -10
897  44.80 418.0 -10
898  44.85 418.5 -10
899  44.90 419.0 -10
900  44.95 419.5 -10
901  45.00 420.0 -10
902  45.05 420.5 -10
903  45.10 421.0 -10
904  45.15 421.5 -10
905  45.20 422.0 -10
906  45.25 422.5 -10
907  45.30 423.0 -10
908  45.35 423.5 -10
909  45.40 424.0 -10
910  45.45 424.5 -10
911  45.50 425.0 -10
912  45.55 425.5 -10
913  45.60 426.0 -10
914  45.65 426.5 -10
915  45.70 427.0 -10
916  45.75 427.5 -10
917  45.80 428.0 -10
918  45.85 428.5 -10
919  45.90 429.0 -10
920  45.95 429.5 -10
921  46.00 430.0 -10
922  46.05 430.5 -10
923  46.10 431.0 -10
924  46.15 431.5 -10
925  46.20 432.0 -10
926  46.25 432.5 -10
927  46.30 433.0 -10
928  46.35 433.5 -10
929  46.40 434.0 -10
930  46.45 434.5 -10
931  46.50 435.0 -10
932  46.55 435.5 -10
933  46.60 436.0 -10
934  46.65 436.5 -10
935  46.70 437.0 -10
936  46.75 437.5 -10
937  46.80 438.0 -10
938  46.85 438.5 -10
939  46.90 439.0 -10
940  46.95 439.5 -10
941  47.00 440.0 -10
942  47.05 440.5 -10
943  47.10 441.0 -10
944  47.15 441.5 -10
945  47.20 442.0 -10
946  47.25 442.5 -10
947  47.30 443.0 -10
948  47.35 443.5 -10
949  47.40 444.0 -10
950  47.45 444.5 -10
951  47.50 445.0 -10
952  47.55 445.5 -10
953  47.60 446.0 -10
954  47.65 446.5 -10
955  47.70 447.0 -10
956  47.75 447.5 -10
957  47.80 448.0 -10
958  47.85 448.5 -10
959  47.90 449.0 -10
960  47.95 449.5 -10
961  48.00 450.0 -10
962  48.05 450.5 -10
963  48.10 451.0 -10
964  48.15 451.5 -10
965  48.20 452.0 -10
966  48.25 452.5 -10
967  48.30 453.0 -10
968  48.35 453.5 -10
969  48.40 454.0 -10
970  48.45 454.5 -10
971  48.50 455.0 -10
972  48.55 455.5 -10
973  48.60 456.0 -10
974  48.65 456.5 -10
975  48.70 457.0 -10
976  48.75 457.5 -10
977  48.80 458.0 -10
978  48.85 458.5 -10
979  48.90 459.0 -10
980  48.95 459.5 -10
981  49.00 460.0 -10
982  49.05 460.5 -10
983  49.10 461.0 -10
984  49.15 461.5 -10
985  49.20 462.0 -10
986  49.25 462.5 -10
987  49.30 463.0 -10
988  49.35 463.5 -10
989  49.40 464.0 -10
990  49.45 464.5 -10
991  49.50 465.0 -10
992  49.55 465.5 -10
993  49.60 466.0 -10
994  49.65 466.5 -10
995  49.70 467.0 -10
996  49.75 467.5 -10
997  49.80 468.0 -10
998  49.85 468.5 -10
999  49.90 469.0 -10
1000  49.95 469.5 -10
1001  50.00 470.0 -10
1002  50.05 470.5 -10
1003  50.10 471.0 -10
1004  50.15 471.5 -10
1005  50.20 472.0 -10
1006  50.25 472.5 -10
1007  50.30 473.0 -10
1008  50.35 473.5 -10
1009  50.40 474.0 -10
1010  50.45 474.5 -10
1011  50.50 475.0 -10
1012  50.55 475.5 -10
1013  50.60 476.0 -10
1014  50.65 476.5 -10
1015  50.70 477.0 -10
1016  50.75 477.5 -10
1017  50.80 478.0 -10
1018  50.85 478.5 -10
1019  50.90 479.0 -10
1020  50.95 479.5 -10
1021  51.00 480.0 -10
1022  51.05 480.5 -10
1023  51.10 481.0 -10
1024  51.15 481.5 -10
1025  51.20 482.0 -10
1026  51.25 482.5 -10
1027  51.30 483.0 -10
1028  51.35 483.5 -10
1029  51.40 484.0 -10
1030  51.45 484.5 -10
1031  51.50 485.0 -10
1032  51.55 485.5 -10
1033  51.60 486.0 -10
1034  51.65 486.5 -10
1035  51.70 487.0 -10
1036  51.75 487.5 -10
1037  51.80 488.0 -10
1038  51.85 488.5 -10
1039  51.90 489.0 -10
1040  51.95 489.5 -10
1041  52.00 490.0 -10
1042  52.05 490.5 -10
1043  52.10 491.0 -10
1044  52.15 491.5 -10
1045  52.20 492.0 -10
1046  52.25 492.5 -10
1047  52.30 493.0 -10
1048  52.35 493.5 -10
1049  52.40 494.0 -10
1050  52.45 494.5 -10
1051  52.50 495.0 -10
1052  52.55 495.5 -10
1053  52.60 496.0 -10
1054  52.65 496.5 -10
1055  52.70 497.0 -10
1056  52.75 497.5 -10
1057  52.80 498.0 -10
1058  52.85 498.5 -10
1059  52.90 499.0 -10
1060  52.95 499.5 -10
1061  53.00 500.0 -10
1062  53.05 500.5 -10
1063  53.10 501.0 -10
1064  53.15 501.5 -10
1065  53.20 502.0 -10
1066  53.25 502.5 -10
1067  53.30 503.0 -10
1068  53.35 503.5 -10
1069  53.40 504.0 -10
1070  53.45 504.5 -10
1071  53.50 505.0 -10
1072  53.55 505.5 -10
1073  53.60 506.0 -10
1074  53.65 506.5 -10
1075  53.70 507.0 -10
1076  53.75 507.5 -10
1077  53.80 508.0 -10
1078  53.85 508.5 -10
1079  53.90 509.0 -10
1080  53.95 509.5 -10
1081  54.00 510.0 -10
1082  54.05 510.5 -10
1083  54.10 511.0 -10
1084  54.15 511.5 -10
1085  54.20 512.0 -10
1086  54.25 512.5 -10
1087  54.30 513.0 -10
1088  54.35 513.5 -10
1089  54.40 514.0 -10
1090  54.45 514.5 -10
1091  54.50 515.0 -10
1092  54.55 515.5 -10
1093  54.60 516.0 -10
1094  54.65 516.5 -10
1095  54.70 517.0 -10
1096  54.75 517.5 -10
1097  54.80 518.0 -10
1098  54.85 518.5 -10
1099  54.90 519.0 -10
1100  54.95 519.5 -10
1101  55.00 520.0 -10
1102  55.05 520.5 -10
1103  55.10 521.0 -10
1104  55.15 521.5 -10
1105  55.20 522.0 -10
1106  55.25 522.5 -10
1107  55.30 523.0 -10
1108  55.35 523.5 -10
1109  55.40 524.0 -10
1110  55.45 524.5 -10
1111  55.50 525.0 -10
1112  55.55 525.5 -10
1113  55.60 526.0 -10
1114  55.65 526.5 -10
1115  55.70 527.0 -10
1116  55.75 527.5 -10
1117  55.80 528.0 -10
1118  55.85 528.5 -10
1119  55.90 529.0 -10
1120  55.95 529.5 -10
1121  56.00 530.0 -10
1122  56.05 530.5 -10
1123  56.10 531.0 -10
1124  56.15 531.5 -10
1125  56.20 532.0 -10
1126  56.25 532.5 -10
1127  56.30 533.0 -10
1128  56.35 533.5 -10
1129  56.40 534.0 -10
1130  56.45 534.5 -10
1131  56.50 535.0 -10
1132  56.55 535.5 -10
1133  56.60 536.0 -10
1134  56.65 536.5 -10
1135  56.70 537.0 -10
1136  56.75 537.5 -10
1137  56.80 538.0 -10
1138  56.85 538.5 -10
1139  56.90 539.0 -10
1140  56.95 539.5 -10
1141  57.00 540.0 -10
1142  57.05 540.5 -10
1143  57.10 541.0 -10
1144  57.15 541.5 -10
1145  57.20 542.0 -10
1146  57.25 542.5 -10
1147  57.30 543.0 -10
1148  57.35 543.5 -10
1149  57.40 544.0 -10
1150  57.45 544.5 -10
1151  57.50 545.0 -10
1152  57.55 545.5 -10
1153  57.60 546.0 -10
1154  57.65 546.5 -10
1155  57.70 547.0 -10
1156  57.75 547.5 -10
1157  57.80 548.0 -10
1158  57.85 548.5 -10
1159  57.90 549.0 -10
1160  57.95 549.5 -10
1161  58.00 550.0 -10
1162  58.05 550.5 -10
1163  58.10 551.0 -10
1164  58.15 551.5 -10
1165  58.20 552.0 -10
1166  58.25 552.5 -10
1167  58.30 553.0 -10
1168  58.35 553.5 -10
1169  58.40 554.0 -10
1170  58.45 554.5 -10
1171  58.50 555.0 -10
1172  58.55 555.5 -10
1173  58.60 556.0 -10
1174  58.65 556.5 -10
1175  58.70 557.0 -10
1176  58.75 557.5 -10
1177  58.80 558.0 -10
1178  58.85 558.5 -10
1179  58.90 559.0 -10
1180  58.95 559.5 -10
1181  59.00 560.0 -10
1182  59.05 560.5 -10
1183  59.10 561.0 -10
1184  59.15 561.5 -10
1185  59.20 562.0 -10
1186  59.25 562.5 -10
1187  59.30 563.0 -10
1188  59.35 563.5 -10
1189  59.40 564.0 -10
1190  59.45 564.5 -10
1191  59.50 565.0 -10
1192  59.55 565.5 -10
1193  59.60 566.0 -10
1194  59.65 566.5 -10
1195  59.70 567.0 -10
1196  59.75 567.5 -10
1197  59.80 568.0 -10
1198  59.85 568.5 -10
1199  59.90 569.0 -10
1200  59.95 569.5 -10
1201  60.00 570.0 -10
1202  60.05 570.5 -10
1203  60.10 571.0 -10
1204  60.15 571.5 -10
1205  60.20 572.0 -10
1206  60.25 572.5 -10
1207  60.30 573.0 -10
1208  60.35 573.5 -10
1209  60.40 574.0 -10
1210  60.45 574.5 -10
1211  60.50 575.0 -10
1212  60.55 575.5 -10
1213  60.60 576.0 -10
1214  60.65 576.5 -10
1215  60.70 577.0 -10
1216  60.75 577.5 -10
1217  60.80 578.0 -10
1218  60.85 578.5 -10
1219  60.90 579.0 -10
1220  60.95 579.5 -10
1221  61.00 580.0 -10
1222  61.05 580.5 -10
1223  61.10 581.0 -10
1224  61.15 581.5 -10
1225  61.20 582.0 -10
1226  61.25 582.5 -10
1227  61.30 583.0 -10
1228  61.35 583.5 -10
1229  61.40 584.0 -10
1230  61.45 584.5 -10
1231  61.50 585.0 -10
1232  61.55 585.5 -10
1233  61.60 586.0 -10
1234  61.65 586.5 -10
1235  61.70 587.0 -10
1236  61.75 587.5 -10
1237  61.80 588.0 -10
1238  61.85 588.5 -10
1239  61.90 589.0 -10
1240  61.95 589.5 -10
1241  62.00 590.0 -10
1242  62.05 590.5 -10
1243  62.10 591.0 -10
1244  62.15 591.5 -10
1245  62.20 592.0 -10
1246  62.25 592.5 -10
1247  62.30 593.0 -10
1248  62.35 593.5 -10
1249  62.40 594.0 -10
1250  62.45 594.5 -10
1251  62.50 595.0 -10
1252  62.55 595.5 -10
1253  62.60 596.0 -10
1254  62.65 596.5 -10
1255  62.70 597.0 -10
1256  62.75 597.5 -10
1257  62.80 598.0 -10
1258  62.85 598.5 -10
1259  62.90 599.0 -10
1260  62.95 599.5 -10
1261  63.00 600.0 -10
1262  63.05 600.5 -10
1263  63.10 601.0 -10
1264  63.15 601.5 -10
1265  63.20 602.0 -10
1266  63.25 602.5 -10
1267  63.30 603.0 -10
1268  63.35 603.5 -10
1269  63.40 604.0 -10
1270  63.45 604.5 -10
1271  63.50 605.0 -10
1272  63.55 605.5 -10
1273  63.60 606.0 -10
1274  63.65 606.5 -10
1275  63.70 607.0 -10
1276  63.75 607.5 -10
1277  63.80 608.0 -10
1278  63.85 608.5 -10
1279  63.90 609.0 -10
1280  63.95 609.5 -10
1281  64.00 610.0 -10
1282  64.05 610.5 -10
1283  64.10 611.0 -10
1284  64.15 611.5 -10
1285  64.20 612.0 -10
1286  64.25 612.5 -10
1287  64.30 613.0 -10
1288  64.35 613.5 -10
1289  64.40 614.0 -10
1290  64.45 614.5 -10
1291  64.50 615.0 -10
1292  64.55 615.5 -10
1293  64.60 616.0 -10
1294  64.65 616.5 -10
1295  64.70 617.0 -10
1296  64.75 617.5 -10
1297  64.80 618.0 -10
1298  64.85 618.5 -10
1299  64.90 619.0 -10
1300  64.95 619.5 -10
1301  65.00 620.0 -10
1302  65.05 620.5 -10
1303  65.10 621.0 -10
1304  65.15 621.5 -10
1305  65.20 622.0 -10
1306  65.25 622.5 -10
1307  65.30 623.0 -10
1308  65.35 623.5 -10
1309  65.40 624.0 -10
1310  65.45 624.5 -10
1311  65.50 625.0 -10
1312  65.55 625.5 -10
1313  65.60 626.0 -10
1314  65.65 626.5 -10
1315  65.70 627.0 -10
1316  65.75 627.5 -10
1317  65.80 628.0 -10
1318  65.85 628.5 -10
1319  65.90 629.0 -10
1320  65.95 629.5 -10
1321  66.00 630.0 -10
1322  66.05 630.5 -10
1323  66.10 631.0 -10
1324  66.15 631.5 -10
1325  66.20 632.0 -10
1326  66.25 632.5 -10
1327  66.30 633.0 -10
1328  66.35 633.5 -10
1329  66.40 634.0 -10
1330  66.45 634.5 -10
1331  66.50 635.0 -10
1332  66.55 635.5 -10
1333  66.60 636.0 -10
1334  66.65 636.5 -10
1335  66.70 637.0 -10
1336  66.75 637.5 -10
1337  66.80 638.0 -10
1338  66.85 638.5 -10
1339  66.90 639.0 -10
1340  66.95 639.5 -10
1341  67.00 640.0 -10
1342  67.05 640.5 -10
1343  67.10 641.0 -10
1344  67.15 641.5 -10
1345  67.20 642.0 -10
1346  67.25 642.5 -10
1347  67.30 643.0 -10
1348  67.35 643.5 -10
1349  67.40 644.0 -10
1350  67.45 644.5 -10
1351  67.50 645.0 -10
1352  67.55 645.5 -10
1353  67.60 646.0 -10
1354  67.65 646.5 -10
1355  67.70 647.0 -10
1356  67.75 647.5 -10
1357  67.80 648.0 -10
1358  67.85 648.5 -10
1359  67.90 649.0 -10
1360  67.95 649.5 -10
1361  68.00 650.0 -10
1362  68.05 650.5 -10
1363  68.10 651.0 -10
1364  68.15 651.5 -10
1365  68.20 652.0 -10
1366  68.25 652.5 -10
1367  68.30 653.0 -10
1368  68.35 653.5 -10
1369  68.40 654.0 -10
1370  68.45 654.5 -10
1371  68.50 655.0 -10
1372  68.55 655.5 -10
1373  68.60 656.0 -10
1374  68.65 656.5 -10
1375  68.70 657.0 -10
1376  68.75 657.5 -10
1377  68.80 658.0 -10
1378  68.85 658.5 -10
1379  68.90 659.0 -10
1380  68.95 659.5 -10
1381  69.00 660.0 -10
1382  69.05 660.5 -10
1383  69.10 661.0 -10
1384  69.15 661.5 -10
1385  69.20 662.0 -10
1386  69.25 662.5 -10
1387  69.30 663.0 -10
1388  69.35 663.5 -10
1389  69.40 664.0 -10
1390  69.45 664.5 -10
1391  69.50 665.0 -10
1392  69.55 665.5 -10
1393  69.60 666.0 -10
1394  69.65 666.5 -10
1395  69.70 667.0 -10
1396  69.75 667.5 -10
1397  69.80 668.0 -10
1398  69.85 668.5 -10
1399  69.90 669.0 -10
1400  69.95 669.5 -10
1401  70.00 670.0 -10
1402  70.05 670.5 -10
1403  70.10 671.0 -10
1404  70.15 671.5 -10
1405  70.20 672.0 -10
1406  70.25 672.5 -10
1407  70.30 673.0 -10
1408  70.35 673.5 -10
1409  70.40 674.0 -10
1410  70.45 674.5 -10
1411  70.50 675.0 -10
1412  70.55 675.5 -10
1413  70.60 676.0 -10
1414  70.65 676.5 -10
1415  70.70 677.0 -10
1416  70.75 677.5 -10
1417  70.80 678.0 -10
1418  70.85 678.5 -10
1419  70.90 679.0 -10
1420  70.95 679.5 -10
1421  71.00 680.0 -10
1422  71.05 680.5 -10
1423  71.10 681.0 -10
1424  71.15 681.5 -10
1425  71.20 682.0 -10
1426  71.25 682.5 -10
1427  71.30 683.0 -10
1428  71.35 683.5 -10
1429  71.40 684.0 -10
1430  71.45 684.5 -10
1431  71.50 685.0 -10
1432  71.55 685.5 -10
1433  71.60 686.0 -10
1434  71.65 686.5 -10
1435  71.70 687.0 -10
1436  71.75 687.5 -10
1437  71.80 688.0 -10
1438  71.85 688.5 -10
1439  71.90 689.0 -10
1440  71.95 689.5 -10
1441  72.00 690.0 -10
1442  72.05 690.5 -10
1443  72.10 691.0 -10
1444  72.15 691.5 -10
1445  72.20 692.0 -10
1446  72.25 692.5 -10
1447  72.30 693.0 -10
1448  72.35 693.5 -10
1449  72.40 694.0 -10
1450  72.45 694.5 -10
1451  72.50 695.0 -10
1452  72.55 695.5 -10
1453  72.60 696.0 -10
1454  72.65 696.5 -10
1455  72.70 697.0 -10
1456  72.75 697.5 -10
1457  72.80 698.0 -10
1458  72.85 698.5 -10
1459  72.90 699.0 -10
1460  72.95 699.5 -10
1461  73.00 700.0 -10
1462  73.05 700.5 -10
1463  73.10 701.0 -10
1464  73.15 701.5 -10
1465  73.20 702.0 -10
1466  73.25 702.5 -10
1467  73.30 703.0 -10
1468  73.35 703.5 -10
1469  73.40 704.0 -10
1470  73.45 704.5 -10
1471  73.50 705.0 -10
1472  73.55 705.5 -10
1473  73.60 706.0 -10
1474  73.65 706.5 -10
1475  73.70 707.0 -10
1476  73.75 707.5 -10
1477  73.80 708.0 -10
1478  73.85 708.5 -10
1479  73.90 709.0 -10
1480  73.95 709.5 -10
1481  74.00 710.0 -10
1482  74.05 710.5 -10
1483  74.10 711.0 -10
1484  74.15 711.5 -10
1485  74.20 712.0 -10
1486  74.25 712.5 -10
1487  74.30 713.0 -10
1488  74.35 713.5 -10
1489  74.40 714.0 -10
1490  74.45 714.5 -10
1491  74.50 715.0 -10
1492  74.55 715.5 -10
1493  74.60 716.0 -10
1494  74.65 716.5 -10
1495  74.70 717.0 -10
1496  74.75 717.5 -10
1497  74.80 718.0 -10
1498  74.85 718.5 -10
1499  74.90 719.0 -10
1500  74.95 719.5 -10
1501  75.00 720.0 -10
1502  75.05 720.5 -10
1503  75.10 721.0 -10
1504  75.15 721.5 -10
1505  75.20 722.0 -10
1506  75.25 722.5 -10
1507  75.30 723.0 -10
1508  75.35 723.5 -10
1509  75.40 724.0 -10
1510  75.45 724.5 -10
1511  75.50 725.0 -10
1512  75.55 725.5 -10
1513  75.60 726.0 -10
1514  75.65 726.5 -10
1515  75.70 727.0 -10
1516  75.75 727.5 -10
1517  75.80 728.0 -10
1518  75.85 728.5 -10
1519  75.90 729.0 -10
1520  75.95 729.5 -10
1521  76.00 730.0 -10
1522  76.05 730.5 -10
1523  76.10 731.0 -10
1524  76.15 731.5 -10
1525  76.20 732.0 -10
1526  76.25 732.5 -10
1527  76.30 733.0 -10
1528  76.35 733.5 -10
1529  76.40 734.0 -10
1530  76.45 734.5 -10
1531  76.50 735.0 -10
1532  76.55 735.5 -10
1533  76.60 736.0 -10
1534  76.65 736.5 -10
1535  76.70 737.0 -10
1536  76.75 737.5 -10
1537  76.80 738.0 -10
1538  76.85 738.5 -10
1539  76.90 739.0 -10
1540  76.95 739.5 -10
1541  77.00 740.0 -10
1542  77.05 740.5 -10
1543  77.10 741.0 -10
1544  77.15 741.5 -10
1545  77.20 742.0 -10
1546  77.25 742.5 -10
1547  77.30 743.0 -10
1548  77.35 743.5 -10
1549  77.40 744.0 -10
1550  77.45 744.5 -10
1551  77.50 745.0 -10
1552  77.55 745.5 -10
1553  77.60 746.0 -10
1554  77.65 746.5 -10
1555  77.70 747.0 -10
1556  77.75 747.5 -10
1557  77.80 748.0 -10
1558  77.85 748.5 -10
1559  77.90 749.0 -10
1560  77.95 749.5 -10
1561  78.00 750.0 -10
1562  78.05 750.5 -10
1563  78.10 751.0 -10
1564  78.15 751.5 -10
1565  78.20 752.0 -10
1566  78.25 752.5 -10
1567  78.30 753.0 -10
1568  78.35 753.5 -10
1569  78.40 754.0 -10
1570  78.45 754.5 -10
1571  78.50 755.0 -10
1572  78.55 755.5 -10
1573  78.60 756.0 -10
1574  78.65 756.5 -10
1575  78.70 757.0 -10
1576  78.75 757.5 -10
1577  78.80 758.0 -10
1578  78.85 758.5 -10
1579  78.90 759.0 -10
1580  78.95 759.5 -10
1581  79.00 760.0 -10
1582  79.05 760.5 -10
1583  79.10 761.0 -10
1584  79.15 761.5 -10
1585  79.20 762.0 -10
1586  79.25 762.5 -10
1587  79.30 763.0 -10
1588  79.35 763.5 -10
1589  79.40 764.0 -10
1590  79.45 764.5 -10
1591  79.50 765.0 -10
1592  79.55 765.5 -10
1593  79.60 766.0 -10
1594  79.65 766.5 -10
1595  79.70 767.0 -10
1596  79.75 767.5 -10
1597  79.80 768.0 -10
1598  79.85 768.5 -10
1599  79.90 769.0 -10
1600  79.95 769.5 -10
1601  80.00 770.0 -10
1602  80.05 770.5 -10
1603  80.10 771.0 -10
1604  80.15 771.5 -10
1605  80.20 772.0 -10
1606  80.25 772.5 -10
1607  80.30 773.0 -10
1608  80.35 773.5 -10
1609  80.40 774.0 -10
1610  80.45 774.5 -10
1611  80.50 775.0 -10
1612  80.55 775.5 -10
1613  80.60 776.0 -10
1614  80.65 776.5 -10
1615  80.70 777.0 -10
1616  80.75 777.5 -10
1617  80.80 778.0 -10
1618  80.85 778.5 -10
1619  80.90 779.0 -10
1620  80.95 779.5 -10
1621  81.00 780.0 -10
1622  81.05 780.5 -10
1623  81.10 781.0 -10
1624  81.15 781.5 -10
1625  81.20 782.0 -10
1626  81.25 782.5 -10
1627  81.30 783.0 -10
1628  81.35 783.5 -10
1629  81.40 784.0 -10
1630  81.45 784.5 -10
1631  81.50 785.0 -10
1632  81.55 785.5 -10
1633  81.60 786.0 -10
1634  81.65 786.5 -10
1635  81.70 787.0 -10
1636  81.75 787.5 -10
1637  81.80 788.0 -10
1638  81.85 788.5 -10
1639  81.90 789.0 -10
1640  81.95 789.5 -10
1641  82.00 790.0 -10
1642  82.05 790.5 -10
1643  82.10 791.0 -10
1644  82.15 791.5 -10
1645  82.20 792.0 -10
1646  82.25 792.5 -10
1647  82.30 793.0 -10
1648  82.35 793.5 -10
1649  82.40 794.0 -10
1650  82.45 794.5 -10
1651  82.50 795.0 -10
1652  82.55 795.5 -10
1653  82.60 796.0 -10
1654  82.65 796.5 -10
1655  82.70 797.0 -10
1656  82.75 797.5 -10
1657  82.80 798.0 -10
1658  82.85 798.5 -10
1659  82.90 799.0 -10
1660  82.95 799.5 -10
1661  83.00 800.0 -10
1662  83.05 800.5 -10
1663  83.10 801.0 -10
1664  83.15 801.5 -10
1665  83.20 802.0 -10
1666  83.25 802.5 -10
1667  83.30 803.0 -10
1668  83.35 803.5 -10
1669  83.40 804.0 -10
1670  83.45 804.5 -10
1671  83.50 805.0 -10
1672  83.55 805.5 -10
1673  83.60 806.0 -10
1674  83.65 806.5 -10
1675  83.70 807.0 -10
1676  83.75 807.5 -10
1677  83.80 808.0 -10
1678  83.85 808.5 -10
1679  83.90 809.0 -10
1680  83.95 809.5 -10
1681  84.00 810.0 -10
1682  84.05 810.5 -10
1683  84.10 811.0 -10
1684  84.15 811.5 -10
1685  84.20 812.0 -10
1686  84.25 812.5 -10
1687  84.30 813.0 -10
1688  84.35 813.5 -10
1689  84.40 814.0 -10
1690  84.45 814.5 -10
1691  84.50 815.0 -10
1692  84.55 815.5 -10
1693  84.60 816.0 -10
1694  84.65 816.5 -10
1695  84.70 817.0 -10
1696  84.75 817.5 -10
1697  84.80 818.0 -10
1698  84.85 818.5 -10
1699  84.90 819.0 -10
1700  84.95 819.5 -10
1701  85.00 820.0 -10
1702  85.05 820.5 -10
1703  85.10 821.0 -10
1704  85.15 821.5 -10
1705  85.20 822.0 -10
1706  85.25 822.5 -10
1707  85.30 823.0 -10
1708  85.35 823.5 -10
1709  85.40 824.0 -10
1710  85.45 824.5 -10
1711  85.50 825.0 -10
1712  85.55 825.5 -10
1713  85.60 826.0 -10
1714  85.65 826.5 -10
1715  85.70 827.0 -10
1716  85.75 827.5 -10
1717  85.80 828.0 -10
1718  85.85 828.5 -10
1719  85.90 829.0 -10
1720  85.95 829.5 -10
1721  86.00 830.0 -10
1722  86.05 830.5 -10
1723  86.10 831.0 -10
1724  86.15 831.5 -10
1725  86.20 832.0 -10
1726  86.25 832.5 -10
1727  86.30 833.0 -10
1728  86.35 833.5 -10
1729  86.40 834.0 -10
1730  86.45 834.5 -10
1731  86.50 835.0 -10
1732  86.55 835.5 -10
1733  86.60 836.0 -10
1734  86.65 836.5 -10
1735  86.70 837.0 -10
1736  86.75 837.5 -10
1737  86.80 838.0 -10
1738  86.85 838.5 -10
1739  86.90 839.0 -10
1740  86.95 839.5 -10
1741  87.00 840.0 -10
1742  87.05 840.5 -10
1743  87.10 841.0 -10
1744  87.15 841.5 -10
1745  87.20 842.0 -10
1746  87.25 842.5 -10
1747  87.30 843.0 -10
1748  87.35 843.5 -10
1749  87.40 844.0 -10
1750  87.45 844.5 -10
1751  87.50 845.0 -10
1752  87.55 845.5 -10
1753  87.60 846.0 -10
1754  87.65 846.5 -10
1755  87.70 847.0 -10
1756  87.75 847.5 -10
1757  87.80 848.0 -10
1758  87.85 848.5 -10
1759  87.90 849.0 -10
1760  87.95 849.5 -10
1761  88.00 850.0 -10
1762  88.05 850.5 -10
1763  88.10 851.0 -10
1764  88.15 851.5 -10
1765  88.20 852.0 -10
1766  88.25 852.5 -10
1767  88.30 853.0 -10
1768  88.35 853.5 -10
1769  88.40 854.0 -10
1770  88.45 854.5 -10
1771  88.50 855.0 -10
1772  88.55 855.5 -10
1773  88.60 856.0 -10
1774  88.65 856.5 -10
1775  88.70 857.0 -10
1776  88.75 857.5 -10
1777  88.80 858.0 -10
1778  88.85 858.5 -10
1779  88.90 859.0 -10
1780  88.95 859.5 -10
1781  89.00 860.0 -10
1782  89.05 860.5 -10
1783  89.10 861.0 -10
1784  89.15 861.5 -10
1785  89.20 862.0 -10
1786  89.25 862.5 -10
1787  89.30 863.0 -10
1788  89.35 863.5 -10
1789  89.40 864.0 -10
1790  89.45 864.5 -10
1791  89.50 865.0 -10
1792  89.55 865.5 -10
1793  89.60 866.0 -10
1794  89.65 866.5 -10
1795  89.70 867.0 -10
1796  89.75 867.5 -10
1797  89.80 868.0 -10
1798  89.85 868.5 -10
1799  89.90 869.0 -10
1800  89.95 869.5 -10
1801  90.00 870.0 -10
1802  90.05 870.5 -10
1803  90.10 871.0 -10
1804  90.15 871.5 -10
1805  90.20 872.0 -10
1806  90.25 872.5 -10
1807  90.30 873.0 -10
1808  90.35 873.5 -10
1809  90.40 874.0 -10
1810  90.45 874.5 -10
1811  90.50 875.0 -10
1812  90.55 875.5 -10
1813  90.60 876.0 -10
1814  90.65 876.5 -10
1815  90.70 877.0 -10
1816  90.75 877.5 -10
1817  90.80 878.0 -10
1818  90.85 878.5 -10
1819  90.90 879.0 -10
1820  90.95 879.5 -10
1821  91.00 880.0 -10
1822  91.05 880.5 -10
1823  91.10 881.0 -10
1824  91.15 881.5 -10
1825  91.20 882.0 -10
1826  91.25 882.5 -10
1827  91.30 883.0 -10
1828  91.35 883.5 -10
1829  91.40 884.0 -10
1830  91.45 884.5 -10
1831  91.50 885.0 -10
1832  91.55 885.5 -10
1833  91.60 886.0 -10
1834  91.65 886.5 -10
1835  91.70 887.0 -10
1836  91.75 887.5 -10
1837  91.80 888.0 -10
1838  91.85 888.5 -10
1839  91.90 889.0 -10
1840  91.95 889.5 -10
1841  92.00 890.0 -10
1842  92.05 890.5 -10
1843  92.10 891.0 -10
1844  92.15 891.5 -10
1845  92.20 892.0 -10
1846  92.25 892.5 -10
1847  92.30 893.0 -10
1848  92.35 893.5 -10
1849  92.40 894.0 -10
1850  92.45 894.5 -10
1851  92.50 895.0 -10
1852  92.55 895.5 -10
1853  92.60 896.0 -10
1854  92.65 896.5 -10
1855  92.70 897.0 -10
1856  92.75 897.5 -10
1857  92.80 898.0 -10
1858  92.85 898.5 -10
1859  92.90 899.0 -10
1860  92.95 899.5 -10
1861  93.00 900.0 -10
1862  93.05 900.5 -10
1863  93.10 901.0 -10
1864  93.15 901.5 -10
1865  93.20 902.0 -10
1866  93.25 902.5 -10
1867  93.30 903.0 -10
1868  93.35 903.5 -10
1869  93.40 904.0 -10
1870  93.45 904.5 -10
1871  93.50 905.0 -10
1872  93.55 905.5 -10
1873  93.60 906.0 -10
1874  93.65 906.5 -10
1875  93.70 907.0 -10
1876  93.75 907.5 -10
1877  93.80 908.0 -10
1878  93.85 908.5 -10
1879  93.90 909.0 -10
1880  93.95 909.5 -10
1881  94.00 910.0 -10
1882  94.05 910.5 -10
1883  94.10 911.0 -10
1884  94.15 911.5 -10
1885  94.20 912.0 -10
1886  94.25 912.5 -10
1887  94.30 913.0 -10
1888  94.35 913.5 -10
1889  94.40 914.0 -10
1890  94.45 914.5 -10
1891  94.50 915.0 -10
1892  94.55 915.5 -10
1893  94.60 916.0 -10
1894  94.65 916.5 -10
1895  94.70 917.0 -10
1896  94.75 917.5 -10
1897  94.80 918.0 -10
1898  94.85 918.5 -10
1899  94.90 919.0 -10
1900  94.95 919.5 -10
1901  95.00 920.0 -10
1902  95.05 920.5 -10
1903  95.10 921.0 -10
1904  95.15 921.5 -10
1905  95.20 922.0 -10
1906  95.25 922.5 -10
1907  95.30 923.0 -10
1908  95.35 923.5 -10
1909  95.40 924.0 -10
1910  95.45 924.5 -10
1911  95.50 925.0 -10
1912  95.55 925.5 -10
1913  95.60 926.0 -10
1914  95.65 926.5 -10
1915  95.70 927.0 -10
1916  95.75 927.5 -10
1917  95.80 928.0 -10
1918  95.85 928.5 -10
1919  95.90 929.0 -10
1920  95.95 929.5 -10
1921  96.00 930.0 -10
1922  96.05 930.5 -10
1923  96.10 931.0 -10
1924  96.15 931.5 -10
1925  96.20 932.0 -10
1926  96.25 932.5 -10
1927  96.30 933.0 -10
1928  96.35 933.5 -10
1929  96.40 934.0 -10
1930  96.45 934.5 -10
1931  96.50 935.0 -10
1932  96.55 935.5 -10
1933  96.60 936.0 -10
1934  96.65 936.5 -10
1935  96.70 937.0 -10
1936  96.75 937.5 -10
1937  96.80 938.0 -10
1938  96.85 938.5 -10
1939  96.90 939.0 -10
1940  96.95 939.5 -10
1941  97.00 940.0 -10
1942  97.05 940.5 -10
1943  97.10 941.0 -10
1944  97.15 941.5 -10
1945  97.20 942.0 -10
1946  97.25 942.5 -10
1947  97.30 943.0 -10
1948  97.35 943.5 -10
1949  97.40 944.0 -10
1950  97.45 944.5 -10
1951  97.50 945.0 -10
1952  97.55 945.5 -10
1953  97.60 946.0 -10
1954  97.65 946.5 -10
1955  97.70 947.0 -10
1956  97.75 947.5 -10
1957  97.80 948.0 -10
1958  97.85 948.5 -10
1959  97.90 949.0 -10
1960  97.95 949.5 -10
1961  98.00 950.0 -10
1962  98.05 950.5 -10
1963  98.10 951.0 -10
1964  98.15 951.5 -10
1965  98.20 952.0 -10
1966  98.25 952.5 -10
1967  98.30 953.0 -10
1968  98.35 953.5 -10
1969  98.40 954.0 -10
1970  98.45 954.5 -10
1971  98.50 955.0 -10
1972  98.55 955.5 -10
1973  98.60 956.0 -10
1974  98.65 956.5 -10
1975  98.70 957.0 -10
1976  98.75 957.5 -10
1977  98.80 958.0 -10
1978  98.85 958.5 -10
1979  98.90 959.0 -10
1980  98.95 959.5 -10
1981  99.00 960.0 -10
1982  99.05 960.5 -10
1983  99.10 961.0 -10
1984  99.15 961.5 -10
1985  99.20 962.0 -10
1986  99.25 962.5 -10
1987  99.30 963.0 -10
1988  99.35 963.5 -10
1989  99.40 964.0 -10
1990  99.45 964.5 -10
1991  99.50 965.0 -10
1992  99.55 965.5 -10
1993  99.60 966.0 -10
1994  99.65 966.5 -10
1995  99.70 967.0 -10
1996  99.75 967.5 -10
1997  99.80 968.0 -10
1998  99.85 968.5 -10
1999  99.90 969.0 -10
2000  99.95 969.5 -10
2001  100.00 970.0 -10
2002  100.05 970.5 -10
2003  100.10 971.0 -10
2004  100.15 971.5 -10
2005  100.20 972.0 -10
2006  100.25 972.5 -10
2007  100.30 973.0 -10
2008  100.35 973.5 -10
2009  100.40 974.0 -10
2010  100.45 974.5 -10
2011  100.50 975.0 -10
2012  100.55 975.5 -10
2013  100.60 976.0 -10
2014  100.65 976.5 -10
2015  100.70 977.0 -10
2016  100.75 977.5 -10
2017  100.80 978.0 -10
2018  100.85 978.5 -10
2019  100.90 979.0 -10
2020  100.95 979.5 -10
2021  101.00 980.0 -10
2022  101.05 980.5 -10
2023  101.10 981.0 -10
2024  101.15 981.5 -10
2025  101.20 982.0 -10
2026  101.25 982.5 -10
2027  101.30 983.0 -10
2028  101.35 983.5 -10
2029  101.40 984.0 -10
2030  101.45 984.5 -10
2031  101.50 985.0 -10
2032  101.55 985.5 -10
2033  101.60 986.0 -10
2034  101.65 986.5 -10
2035  101.70 987.0 -10
2036  101.75 987.5 -10
2037  101.80 988.0 -10
2038  101.85 988.5 -10
2039  101.90 989.0 -10
2040  101.95 989.5 -10
2041  102.00 990.0 -10
2042  102.05 990.5 -10
2043  102.10 991.0 -10
2044  102.15 991.5 -10
2045  102.20 992.0 -10
2046  102.25 992.5 -10
2047  102.30 993.0 -10
2048  102.35 993.5 -10
2049  102.40 994.0 -10
2050  102.45 994.5 -10
2051  102.50 995.0 -10
2052  102.55 995.5 -10
2053  102.60 996.0 -10
2054  102.65 996.5 -10
2055  102.70 997.0 -10
2056  102.75 997.5 -10
2057  102.80 998.0 -10
2058  102.85 998.5 -10
2059  102.90 999.0 -10
2060  102.95 999.5 -10
2061  103.00 1000.0 -10
2062  103.05 1000.5 -10
2063  103.10 1001.0 -10
2064  103.15 1001.5 -10
2065  103.20 1002.0 -10
2066  103.25 1002.5 -10
2067  103.30 1003.0 -10
2068  103.35 1003.5 -10
2069  103.40 1004.0 -10
2070  103.45 1004.5 -10
2071  103.50 1005.0 -10
2072  103.55 1005.5 -10
2073  103.60 1006.0 -10
2074  103.65 1006.5 -10
2075  103.70 1007.0 -10
2076  103.75 1007.5 -10
2077  103.80 1008.0 -10
2078  103.85 1008.5 -10
2079  103.90 1009.0 -10
2080  103.95 1009.5 -10
2081  104.00 1010.0 -10
2082  104.05 1010.5 -10
2083  104.10 1011.0 -10
2084  104.15 1011.5 -10
2085  104.20 1012.0 -10
2086  104.25 1012.5 -10
2087  104.30 1013.0 -10
2088  104.35 1013.5 -10
2089  104.40 1014.0 -10
2090  104.45 1014.5 -10
2091  104.50 1015.0 -10
2092  104.55 1015.5 -10
2093  104.60 1016.0 -10
2094  104.65 1016.5 -10
2095  104.70 1017.0 -10
2096  104.75 1017.5 -10
2097  104.80 1018.0 -10
2098  104.85 1018.5 -10
2099  104.90 1019.0 -10
2100  104.95 1019.5 -10
2101  105.00 1020.0 -10
2102  105.05 1020.5 -10
2103  105.10 1021.0 -10
2104  105.15 1021.5 -10
2105  105.20 1022.0 -10
2106  105.25 1022.5 -10
2107  105.30 1023.0 -10
2108  105.35 1023.5 -10
2109  105.40 1024.0 -10
2110  105.45 1024.5 -10
2111  105.50 1025.0 -10
2112  105.55 1025.5 -10
2113  105.60 1026.0 -10
2114  105.65 1026.5 -10
2115  105.70 1027.0 -10
2116  105.75 1027.5 -10
2117  105.80 1028.0 -10
2118  105.85 1028.5 -10
2119  105.90 1029.0 -10
2120  105.95 1029.5 -10
2121  106.00 1030.0 -10
2122  106.05 1030.5 -10
2123  106.10 1031.0 -10
2124  106.15 1031.5 -10
2125  106.20 1032.0 -10
2126  106.25 1032.5 -10
2127  106.30 1033.0 -10
2128  106.35 1033.5 -10
2129  106.40 1034.0 -10
2130  106.45 1034.5 -10
2131  106.50 1035.0 -10
2132  106.55 1035.5 -10
2133  106.60 1036.0 -10
2134  106.65 1036.5 -10
2135  106.70 1037.0 -10
2136  106.75 1037.5 -10
2137  106.80 1038.0 -10
2138  106.85 1038.5 -10
2139  106.90 1039.0 -10
2140  106.95 1039.5 -10
2141  107.00 1040.0 -10
2142  107.05 1040.5 -10
2143  107.10 1041.0 -10
2144  107.15 1041.5 -10
2145  107.20 1042.0 -10
2146  107.25 1042.5 -10
2147  107.30 1043.0 -10
2148  107.35 1043.5 -10
2149  107.40 1044.0 -10
2150  107.45 1044.5 -10
2151  107.50 1045.0 -10
2152  107.55 1045.5 -10
2153  107.60 1046.0 -10
2154  107.65 1046.5 -10
2155  107.70 1047.0 -10
2156  107.75 1047.5 -10
2157  107.80 1048.0 -10
2158  107.85 1048.5 -10
2159  107.90 1049.0 -10
2160  107.95 1049.5 -10
2161  108.00 1050.0 -10
2162  108.05 1050.5 -10
2163  108.10 1051.0 -10
2164  108.15 1051.5 -10
2165  108.20 1052.0 -10
2166  108.25 1052.5 -10
2167  108.30 1053.0 -10
2168  108.35 1053.5 -10
2169  108.40 1054.0 -10
2170  108.45 1054.5 -10
2171  108.50 1055.0 -10
2172  108.55 1055.5 -10
2173  108.60 1056.0 -10
2174  108.65 1056.5 -10
2175  108.70 1057.0 -10
2176  108.75 1057.5 -10
2177  108.80 1058.0 -10
2178  108.85 1058.5 -10
2179  108.90 1059.0 -10
2180  108.95 1059.5 -10
2181  109.00 1060.0 -10
2182  109.05 1060.5 -10
2183  109.10 1061.0 -10
2184  109.15 1061.5 -10
2185  109.20 1062.0 -10
2186  109.25 1062.5 -10
2187  109.30 1063.0 -10
2188  109.35 1063.5 -10
2189  109.40 1064.0 -10
2190  109.45 1064.5 -10
2191  109.50 1065.0 -10
2192  109.55 1065.5 -10
2193  109.60 1066.0 -10
2194  109.65 1066.5 -10
2195  109.70 1067.0 -10
2196  109.75 1067.5 -10
2197  109.80 1068.0 -10
2198  109.85 1068.5 -10
2199  109.90 1069.0 -10
2200  109.95 1069.5 -10
2201  110.00 1070.0 -10
2202  110.05 1070.5 -10
2203  110.10 1071.0 -10
2204  110.15 1071.5 -10
2205  110.20 1072.0 -10
2206  110.25 1072.5 -10
2207  110.30 1073.0 -10
2208  110.35 1073.5 -10
2209  110.40 1074.0 -10
2210  110.45 1074.5 -10
2211  110.50 1075.0 -10
2212  110.55 1075.5 -10
2213  110.60 1076.0 -10
2214  110.65 1076.5 -10
2215  110.70 1077.0 -10
2216  110.75 1077.5 -10
2217  110.80 1078.0 -10
2218  110.85 1078.5 -10
2219  110.90 1079.0 -10
2220  110.95 1079.5 -10
2221  111.00 1080.0 -10
2222  111.05 1080.5 -10
2223  111.10 1081.0 -10
2224  111.15 1081.5 -10
2225  111.20 1082.0 -10
2226  111.25 1082.5 -10
2227  111.30 1083.0 -10
2228  111.35 1083.5 -10
2229  111.40 1084.0 -10
2230  111.45 1084.5 -10
2231  111.50 1085.0 -10
2232  111.55 1085.5 -10
2233  111.60 1086.0 -10
2234  111.65 1086.5 -10
2235  111.70 1087.0 -10
2236  111.75 1087.5 -10
2237  111.80 1088.0 -10
2238  111.85 1088.5 -10
2239  111.90 1089.0 -10
2240  111.95 1089.5 -10
2241  112.00 1090.0 -10
2242  112.05 1090.5 -10
2243  112.10 1091.0 -10
2244  112.15 1091.5 -10
2245  112.20 1092.0 -10
2246  112.25 1092.5 -10
2247  112.30 1093.0 -10
2248  112.35 1093.5 -10
2249  112.40 1094.0 -10
2250  112.45 1094.5 -10
2251  112.50 1095.0 -10
2252  112.55 1095.5 -10
2253  112.60 1096.0 -10
2254  112.65 1096.5 -10
2255  112.70 1097.0 -10
2256  112.75 1097.5 -10
2257  112.80 1098.0 -10
2258  112.85 1098.5 -10
2259  112.90 1099.0 -10
2260  112.95 1099.5 -10
2261  113.00 1100.0 -10
2262  113.05 1100.5 -10
2263  113.10 1101.0 -10
2264  113.15 1101.5 -10
2265  113.20 1102.0 -10
2266  113.25 1102.5 -10
2267  113.30 1103.0 -10
2268  113.35 1103.5 -10
2269  113.40 1104.0 -10
2270  113.45 1104.5 -10
2271  113.50 1105.0 -10
2272  113.55 1105.5 -10
2273  113.60 1106.0 -10
2274  113.65 1106.5 -10
2275  113.70 1107.0 -10
2276  113.75 1107.5 -10
2277  113.80 1108.0 -10
2278  113.85 1108.5 -10
2279  113.90 1109.0 -10
2280  113.95 1109.5 -10
2281  114.00 1110.0 -10
2282  114.05 1110.5 -10
2283  114.10 1111.0 -10
2284  114.15 1111.5 -10
2285  114.20 1112.0 -10
2286  114.25 1112.5 -10
2287  114.30 1113.0 -10
2288  114.35 1113.5 -10
2289  114.40 1114.0 -10
2290  114.45 1114.5 -10
2291  114.50 1115.0 -10
2292  114.55 1115.5 -10
2293  114.60 1116.0 -10
2294  114.65 1116.5 -10
2295  114.70 1117.0 -10
2296  114.75 1117.5 -10
2297  114.80 1118.0 -10
2298  114.85 1118.5 -10
2299  114.90 1119.0 -10
2300  114.95 1119.5 -10
2301  115.00 1120.0 -10
2302  115.05 1120.5 -10
2303  115.10 1121.0 -10
2304  115.15 1121.5 -10
2305  115.20 1122.0 -10
2306  115.25 1122.5 -10
2307  115.30 1123.0 -10
2308  115.35 1123.5 -10
2309  115.40 1124.0 -10
2310  115.45 1124.5 -10
2311  115.50 1125.0 -10
2312  115.55 1125.5 -10
2313  115.60 1126.0 -10
2314  115.65 1126.5 -10
2315  115.70 1127.0 -10
2316  115.75 1127.5 -10
2317  115.80 1128.0 -10
2318  115.85 1128.5 -10
2319  115.90 1129.0 -10
2320  115.95 1129.5 -10
2321  116.00 1130.0 -10
2322  116.05 1130.5 -10
2323  116.10 1131.0 -10
2324  116.15 1131.5 -10
2325  116.20 1132.0 -10
2326  116.25 1132.5 -10
2327  116.30 1133.0 -10
2328  116.35 1133.5 -10
2329  116.40 1134.0 -10
2330  116.45 1134.5 -10
2331  116.50 1135.0 -10
2332  116.55 1135.5 -10
2333  116.60 1136.0 -10
2334  116.65 1136.5 -10
2335  116.70 1137.0 -10
2336  116.75 1137.5 -10
2337  116.80 1138.0 -10
2338  116.85 1138.5 -10
2339  116.90 1139.0 -10
2340  116.95 1139.5 -10
2341  117.00 1140.0 -10
2342  117.05 1140.5 -10
2343  117.10 1141.0 -10
2344  117.15 1141.5 -10
2345  117.20 1142.0 -10
2346  117.25 1142.5 -10
2347  117.30 1143.0 -10
2348  117.35 1143.5 -10
2349  117.40 1144.0 -10
2350  117.45 1144.5 -10
2351  117.50 1145.0 -10
2352  117.55 1145.5 -10
2353  117.60 1146.0 -10
2354  117.65 1146.5 -10
2355  117.70 1147.0 -10
2356  117.75 1147.5 -10
2357  117.80 1148.0 -10
2358  117.85 1148.5 -10
2359  117.90 1149.0 -10
2360  117.95 1149.5 -10
2361  118.00 1150.0 -10
2362  118.05 1150.5 -10
2363  118.10 1151.0 -10
2364  118.15 1151.5 -10
2365  118.20 1152.0 -10
2366  118.25 1152.5 -10
2367  118.30 1153.0 -10
2368  118.35 1153.5 -10
2369  118.40 1154.0 -10
2370  118.45 1154.5 -10
2371  118.50 1155.0 -10
2372  118.55 1155.5 -10
2373  118.60 1156.0 -10
2374  118.65 1156.5 -10
2375  118.70 1157.0 -10
2376  118.75 1157.5 -10
2377  118.80 1158.0 -10
2378  118.85 1158.5 -10
2379  118.90 1159.0 -10
2380  118.95 1159.5 -10
2381  119.00 1160.0 -10
2382  119.05 1160.5 -10
2383  119.10 1161.0 -10
2384  119.15 1161.5 -10
2385  119.20 1162.0 -10
2386  119.25 1162.5 -10
2387  119.30 1163.0 -10
2388  119.35 1163.5 -10
2389  119.40 1164.0 -10
2390  119.45 1164.5 -10
2391  119.50 1165.0 -10
2392  119.55 1165.5 -10
2393  119.60 1166.0 -10
2394  119.65 1166.5 -10
2395  119.70 1167.0 -10
2396  119.75 1167.5 -10
2397  119.80 1168.0 -10
2398  119.85 1168.5 -10
2399  119.90 1169.0 -10
2400  119.95 1169.5 -10
2401  120.00 1170.0 -10
2402  120.05 1170.5 -10
2403  120.10 1171.0 -10
2404  120.15 1171.5 -10
2405  120.20 1172.0 -10
2406  120.25 1172.5 -10
2407  120.30 1173.0 -10
2408  120.35 1173.5 -10
2409  120.40 1174.0 -10
2410  120.45 1174.5 -10
2411  120.50 1175.0 -10
2412  120.55 1175.5 -10
2413  120.60 1176.0 -10
2414  120.65 1176.5 -10
2415  120.70 1177.0 -10
2416  120.75 1177.5 -10
2417  120.80 1178.0 -10
2418  120.85 1178.5 -10
2419  120.90 1179.0 -10
2420  120.95 1179.5 -10
2421  121.00 1180.0 -10
2422  121.05 1180.5 -10
2423  121.10 1181.0 -10
2424  121.15 1181.5 -10
2425  121.20 1182.0 -10
2426  121.25 1182.5 -10
2427  121.30 1183.0 -10
2428  121.35 1183.5 -10
2429  121.40 1184.0 -10
2430  121.45 1184.5 -10
2431  121.50 1185.0 -10
2432  121.55 1185.5 -10
2433  121.60 1186.0 -10
2434  121.65 1186.5 -10
2435  121.70 1187.0 -10
2436  121.75 1187.5 -10
2437  121.80 1188.0 -10
2438  121.85 1188.5 -10
2439  121.90 1189.0 -10
2440  121.95 1189.5 -10
2441  122.00 1190.0 -10
2442  122.05 1190.5 -10
2443  122.10 1191.0 -10
2444  122.15 1191.5 -10
2445  122.20 1192.0 -10
2446  122.25 1192.5 -10
2447  122.30 1193.0 -10
2448  122.35 1193.5 -10
2449  122.40 1194.0 -10
2450  122.45 1194.5 -10
2451  122.50 1195.0 -10
2452  122.55 1195.5 -10
2453  122.60 1196.0 -10
2454  122.65 1196.5 -10
2455  122.70 1197.0 -10
2456  122.75 1197.5 -10
2457  122.80 1198.0 -10
2458  122.85 1198.5 -10
2459  122.90 1199.0 -10
2460  122.95 1199.5 -10
2461  123.00 1200.0 -10
2462  123.05 1200.5 -10
2463  123.10 1201.0 -10
2464  123.15 1201.5 -10
2465  123.20 1202.0 -10
2466  123.25 1202.5 -10
2467  123.30 1203.0 -10
2468  123.35 1203.5 -10
2469  123.40 1204.0 -10
2470  123.45 1204.5 -10
2471  123.50 1205.0 -10
2472  123.55 1205.5 -10
2473  123.60 1206.0 -10
2474  123.65 1206.5 -10
2475  123.70 1207.0 -10
2476  123.75 1207.5 -10
2477  123.80 1208.0 -10
2478  123.85 1208.5 -10
2479  123.90 1209.0 -10
2480  123.95 1209.5 -10
2481  124.00 1210.0 -10
2482  124.05 1210.5 -10
2483  124.10 1211.0 -10
2484  124.15 1211.5 -10
2485  124.20 1212.0 -10
2486  124.25 1212.5 -10
2487  124.30 1213.0 -10
2488  124.35 1213.5 -10
2489  124.40 1214.0 -10
2490  124.45 1214.5 -10
2491  124.50 1215.0 -10
2492  124.55 1215.5 -10
2493  124.60 1216.0 -10
2494  124.65 1216.5 -10
2495  124.70 1217.0 -10
2496  124.75 1217.5 -10
2497  124.80 1218.0 -10
2498  124.85 1218.5 -10
2499  124.90 1219.0 -10
2500  124.95 1219.5 -10
2501  125.00 1220.0 -10
2502  125.05 1220.5 -10
2503  125.10 1221.0 -10
2504  125.15 1221.5 -10
2505  125.20 1222.0 -10
2506  125.25 1222.5 -10
2507  125.30 1223.0 -10
2508  125.35 1223.5 -10
2509  125.40 1224.0 -10
2510  125.45 1224.5 -10
2511  125.50 1225.0 -10
2512  125.55 1225.5 -10
2513  125.60 1226.0 -10
2514  125.65 1226.5 -10
2515  125.70 1227.0 -10
2516  125.75 1227.5 -10
2517  125.80 1228.0 -10
2518  125.85 1228.5 -10
2519  125.90 1229.0 -10
2520  125.95 1229.5 -10
2521  126.00 1230.0 -10
2522  126.05 1230.5 -10
2523  126.10 1231.0 -10
2524  126.15 1231.5 -10
2525  126.20 1232.0 -10
2526  126.25 1232.5 -10
2527  126.30 1233.0 -10
2528  126.35 1233.5 -10
2529  126.40 1234.0 -10
2530  126.45 1234.5 -10
2531  126.50 1235.0 -10
2532  126.55 1235.5 -10
2533  126.60 1236.0 -10
2534  126.65 1236.5 -10
2535  126.70 1237.0 -10
2536  126.75 1237.5 -10
2537  126.80 1238.0 -10
2538  126.85 1238.5 -10
2539  126.90 1239.0 -10
2540  126.95 1239.5 -10
2541  127.00 1240.0 -10
2542  127.05 1240.5 -10
2543  127.10 1241.0 -10
2544  127.15 1241.5 -10
2545  127.20 1242.0 -10
